0,1.6473288,1.0
1,1.770756,0.95
2,1.6473288,0.95
3,1.740948,1.0
4,1.680948,1.0
5,1.6473288,1.0
6,1.740948,1.0
7,1.770756,0.95
8,1.680948,0.95
9,1.6473288,1.0
10,1.7473288,1.0
11,1.770756,0.95
12,1.770756,1.0
13,1.7126982,1.0
14,1.7473288,0.7142857142857143
15,1.816894,1.0
0,1.6473288,1.0
1,1.770756,0.95
2,1.6473288,0.95
3,1.740948,1.0
4,1.680948,1.0
5,1.6473288,1.0
6,1.740948,1.0
7,1.770756,0.95
8,1.680948,0.95
9,1.6473288,1.0
10,1.7473288,1.0
11,1.770756,0.95
12,1.770756,1.0
13,1.7126982,1.0
14,1.7473288,0.7142857142857143
15,1.816894,1.0
0,1.6473288,1.0
1,1.770756,0.95
2,1.6473288,0.95
3,1.740948,1.0
4,1.680948,1.0
5,1.6473288,1.0
6,1.740948,1.0
7,1.770756,0.95
8,1.680948,0.95
9,1.6473288,1.0
10,1.7473288,1.0
11,1.770756,0.95
12,1.770756,1.0
13,1.7126982,1.0
14,1.7473288,0.7142857142857143
15,1.816894,1.0
0,1.6473288,1.0
1,1.770756,0.95
2,1.6473288,0.95
3,1.740948,1.0
4,1.680948,1.0
5,1.6473288,1.0
6,1.740948,1.0
7,1.770756,0.95
8,1.680948,0.95
9,1.6473288,1.0
10,1.7473288,1.0
11,1.770756,0.95
12,1.770756,1.0
13,1.7126982,1.0
14,1.7473288,0.7142857142857143
15,1.816894,1.0
